1          8
3          5
5          6
6          4
8          8
9          3
11          6
12          3
14          6
16          7
17          8
19          7
20          8
22          4
24          8
25          3
27          3
28          6
30          3
31          8
33          5
35          7
36          6
38          8
39          7
40          3
41          2
42          2
43          3
44          4
46          9
47          4
48          5
49          8
50          4
51          2
52          4
54          4
55          5
56          4
57          9
58          7
60          6
62          4
63          5
65          4
66          2
67          6
68          8
69          6
71          3
73          9
74          6
75          3
78          4
80          8
82          3
83          4
84          3
85          7
86          8
88          2
91          7
93          4
95          4
96          5
97          8
98          6
100          3
101          8
102          6
103          6
105          2
108          9
110          8
112          2
113          5
114          9
116          4
118          2
120          2
121          4
122          5
123          8
124          7
126          4
128          3
129          6
130          4
131          4
133          9
134          7
135          7
136          6
137          3
138          6
139          2
141          4
143          6
144          4
146          6
148          8
151          6
152          8
153          4
154          2
156          3
158          7
160          4
161          9
162          6
163          7
164          3
166          9
169          8
171          2
173          6
174          2
176          5
178          4
179          8
180          2
181          3
182          7
184          2
186          4
188          2
189          3
190          8
191          5
192          9
194          7
195          9
197          8
198          3
199          6
201          8
202          9
203          8
204          6
205          3
206          2
207          4
209          5
211          9
213          8
214          5
215          3
216          9
217          9
219          3
220          3
221          7
222          4
224          3
225          9
226          3
227          7
228          5
230          7
232          4
234          3
235          5
236          3
238          4
240          5
242          6
243          3
244          4
246          8
247          3
248          5
249          6
251          7
253          9
254          7
255          7
256          8
257          6
259          8
261          6
263          7
264          6
265          6
266          2
267          9
269          7
271          6
272          9
274          2
276          7
277          5
278          5
280          2
282          5
284          7
285          8
286          8
288          6
290          8
291          5
292          7
293          5
294          2
295          3
296          2
298          2
300          5
302          9
303          3
304          9
306          3
307          3
309          4
311          8
313          9
314          6
315          4
317          6
319          4
321          7
323          2
325          9
328          3
330          2
332          9
333          3
334          5
335          9
336          4
337          7
338          7
340          7
341          4
342          3
344          8
346          9
347          7
348          6
350          3
351          8
352          6
353          7
354          2
355          6
356          7
357          6
359          6
361          4
362          2
364          5
365          9
366          4
368          4
370          3
371          2
373          7
374          5
375          4
377          7
379          6
380          8
382          7
383          9
384          3
386          3
388          6
389          7
391          8
392          4
393          5
395          3
396          5
398          7
400          6
401          9
402          8
404          8
406          3
407          3
408          2
409          5
410          2
411          9
413          6
415          4
416          7
417          2
419          4
420          8
422          9
424          9
425          3
426          6
428          7
430          7
431          8
432          5
434          9
436          7
437          6
439          2
440          2
441          3
443          6
444          8
446          7
448          9
449          6
451          9
452          9
453          7
455          9
456          5
458          4
459          6
461          7
463          5
464          4
466          5
467          5
469          2
470          2
471          5
473          9
475          4
476          8
478          9
480          2
481          7
483          9
484          9
485          9
486          7
487          6
488          2
490          3
491          7
492          2
493          5
495          7
496          5
497          659
499          5
500          642
501          6
502          624
503          691
504          863
506          921
507          844
509          702
511          784
513          661
514          849
516          964
518          711
519          584
521          5
523          3
526          3
528          6
530          2
531          8
533          6
535          2
536          7
538          9
540          5
541          6
542          5
543          7
545          5
546          6
547          8
548          9
549          9
551          6
552          3
553          5
554          6
556          9
559          4
561          2
562          3
564          2
565          9
566          4
567          8
568          9
570          9
572          8
573          3
574          4
576          9
577          9
578          7
579          2
580          8
582          8
583          4
584          6
585          6
586          8
588          4
589          9
590          3
591          4
592          4
594          9
596          6
597          8
598          3
599          3
601          6
602          8
603          9
604          5
606          8
608          9
610          5
611          8
613          5
615          8
618          5
620          7
622          3
624          4
625          4
627          6
629          4
630          2
631          5
632          5
634          3
635          4
636          4
637          7
638          9
640          4
641          7
642          8
643          7
645          7
647          8
649          6
650          2
651          9
652          4
654          8
655          6
656          2
657          5
659          2
661          6
662          5
664          3
666          7
668          8
669          7
671          5
673          2
675          4
676          2
678          6
680          4
683          7
685          5
687          6
690          4
692          2
694          9
696          4
699          5
701          3
702          5
703          3
704          9
706          4
708          4
709          4
710          9
711          8
712          9
713          4
714          6
716          2
717          5
718          4
719          8
720          6
722          9
723          5
724          3
725          2
727          6
729          6
732          9
734          8
737          4
739          5
741          9
742          2
743          8
744          5
746          8
747          6
748          7
750          9
751          5
752          5
753          3
755          4
757          5
760          5
762          7
764          3
765          7
767          2
769          8
771          4
772          2
774          9
775          6
776          3
777          8
778          9
780          4
781          6
782          4
783          5
785          8
787          2
788          2
790          5
792          4
794          7
795          9
797          6
799          6
800          4
802          9
803          5
804          6
805          9
806          6
807          2
809          2
810          2
811          7
812          9
813          9
815          5
816          5
817          2
819          5
820          3
822          7
824          6
825          4
826          8
828          9
829          8
830          8
831          6
833          5
835          6
838          2
840          7
842          4
845          8
847          6
848          4
849          3
850          5
851          7
853          5
856          6
858          5
859          8
860          9
862          6
863          8
865          2
867          4
869          2
870          7
872          9
873          6
874          2
876          3
878          8
879          2
881          3
882          7
883          2
885          7
887          9
888          6
890          3
891          8
892          9
893          8
894          2
896          4
897          3
899          2
901          3
903          5
904          6
906          3
907          9
908          5
910          3
912          9
913          2
915          7
917          6
918          8
919          3
921          8
922          2
924          7
926          3
927          6
928          9
929          4
931          9
932          6
934          4
935          2
936          2
937          5
939          5
940          3
941          5
943          2
945          7
946          9
948          2
949          9
950          7
951          8
953          3
954          9
955          6
957          5
958          9
960          5
962          4
963          9
965          4
967          2
968          4
970          2
971          7
972          7
973          8
974          8
976          3
977          5
978          2
979          2
981          4
983          2
984          2
985          5
986          7
987          9
988          6
989          4
991          3
993          8
994          9
996          4
998          8
1000          3
1001          6
1003          6
1005          6
1008          7
1010          4
1012          5
1014          4
1015          4
1017          3
1019          9
1020          4
1021          3
1022          3
1023          2
1024          9
1025          8
1027          9
1029          6
1030          8
1031          8
1032          3
1034          8
1036          6
1038          3
1039          8
1041          8
1043          5
1045          8
1046          3
1048          6
1049          5
1050          4
1051          7
1052          7
1054          9
1056          7
1057          7
1058          4
1060          7
1061          2
1062          9
1063          8
1065          3
1068          7
1070          3
1071          3
1072          3
1073          6
1074          9
1076          2
1077          3
1078          6
1079          5
1081          7
1083          4
1084          2
1085          7
1086          8
1088          3
1089          2
1090          8
1091          2
1093          8
1094          3
1096          9
1097          7
1098          6
1099          3
1100          4
1102          7
1103          5
1105          4
1107          7
1108          5
1110          7
1113          3
1115          7
1117          6
1118          8
1120          2
1121          8
1122          2
1124          5
1125          7
1126          7
1127          6
1129          9
1130          9
1132          9
1133          6
1134          9
1135          2
1137          5
1138          8
1139          7
1140          4
1142          7
1144          9
1145          8
1147          8
1150          3
1152          7
1155          8
1157          6
1158          3
1160          5
1162          2
1163          8
1165          7
1166          5
1167          2
1168          4
1170          2
1171          7
1173          8
1175          5
1176          2
1177          7
1178          3
1179          9
1180          2
1182          9
1183          8
1185          4
1186          8
1187          7
1189          6
1190          2
1191          6
1192          6
1194          6
1195          5
1196          4
1197          5
1199          3
1200          2
1201          6
1202          6
1204          8
1205          7
1207          6
1209          2
1210          5
1212          7
1214          4
1217          4
1219          2
1222          8
1224          4
1225          7
1226          7
1227          8
1229          5
1230          5
1231          9
1232          7
1233          2
1235          3
1236          2
1237          6
1238          6
1240          4
1242          2
1243          8
1245          5
1247          7
1250          7
1252          6
1254          7
1255          5
1257          6
1259          4
1260          4
1262          2
1263          4
1264          4
1265          4
1266          2
1267          8
1269          2
1270          3
1271          6
1272          2
1273          9
1275          3
1276          4
1277          7
1278          5
1280          8
1282          8
1285          3
1287          5
1288          3
1290          6
1292          2
1293          2
1295          2
1296          2
1297          3
1299          9
1300          9
1301          9
1303          5
1304          4
1305          6
1306          3
1308          9
1309          4
1310          2
1311          5
1312          3
1314          3
1316          3
1318          5
1319          6
1321          7
1323          7
1324          6
1325          4
1326          3
1328          3
1329          5
1331          4
1334          9
1336          2
1338          7
1339          4
1341          5
1342          6
1343          7
1345          5
1346          9
1347          3
1349          4
1350          3
1351          6
1353          6
1356          8
1358          3
1359          7
1361          2
1364          4
1366          8
1367          5
1368          7
1369          3
1371          4
1372          7
1373          8
1375          5
1376          3
1378          6
1381          5
1383          2
1386          8
1388          2
1389          8
1391          3
1392          9
1393          6
1395          5
1397          4
1398          6
1400          2
1401          3
1403          2
1406          8
1408          5
1409          7
1411          5
1414          4
1417          3
1419          7
1420          8
1422          5
1424          3
1425          6
1427          2
1429          3
1430          9
1431          7
1433          8
1434          3
1435          9
1436          2
1438          5
1439          4
1441          2
1442          5
1443          8
1445          3
1446          3
1447          9
1449          7
1450          5
1451          2
1453          6
1454          7
1456          5
1457          3
1459          2
1460          9
1461          7
1462          6
1464          2
1465          5
1467          3
1468          4
1469          2
1470          3
1471          9
1473          6
1474          2
1476          2
1479          6
1481          9
1483          2
1484          4
1486          5
1488          9
1489          5
1491          8
1492          4
1493          5
1495          8
1496          3
1497          5
1498          8
1500          4
1501          9
1503          5
1505          2
1506          4
1507          4
1508          7
1510          7
1511          8
1512          8
1515          4
1517          7
1518          2
1520          3
1522          2
1523          3
1524          7
1526          7
1527          3
1528          6
1529          4
1531          4
1532          3
1534          9
1537          4
1539          8
1540          8
1542          6
1544          5
1546          9
1549          5
1551          3
1552          7
1554          3
1556          5
1557          6
1558          3
1559          2
1561          8
1562          7
1563          5
1564          3
1566          6
1567          5
1568          7
1569          2
1571          3
1572          8
1573          4
1574          7
1576          7
1577          8
1579          4
1582          3
1584          2
1587          5
1590          3
1592          4
1594          8
1595          9
1597          4
1600          6
1602          6
1605          9
1607          4
1608          7
1609          7
1610          2
1612          6
1613          7
1615          8
1616          4
1617          2
1618          4
1620          9
1622          3
1624          3
1627          7
1630          7
1632          9
1634          6
1635          2
1637          2
1640          8
1642          7
1643          7
1644          3
1645          7
1647          7
1648          3
1649          7
1651          9
1652          5
1653          6
1654          3
1656          8
1657          8
1659          4
1661          9
1662          3
1664          4
1666          3
1667          9
1669          4
1671          2
1672          4
1673          2
1674          3
1676          7
1677          8
1678          2
1679          9
1681          2
1682          8
1683          9
1685          9
1688          4
1690          4
1692          3
1693          6
1695          2
1697          3
1698          3
1699          5
1701          4
1702          9
1703          5
1704          6
1706          7
1707          9
1709          5
1710          2
1711          3
1714          3
1716          4
1717          3
1718          6
1719          7
1721          7
1723          5
1725          4
1726          5
1727          2
1728          6
1730          3
1732          3
1734          9
1737          8
1739          4
1741          6
1743          6
1744          4
1746          3
1748          5
1750          2
1751          2
1753          5
1755          2
1756          3
1757          7
1758          3
1760          7
1762          4
1763          6
1764          8
1765          4
1766          2
1767          9
1769          4
1770          8
1771          4
1772          2
1774          3
1776          6
1777          6
1778          9
1779          6
1780          8
1781          2
1783          2
1784          4
1785          9
1786          8
1787          3
1790          6
1792          8
1794          2
1795          8
1797          3
1799          7
1800          2
1801          3
1803          7
1805          3
1806          7
1808          8
1810          5
1813          4
1815          5
1817          4
1818          4
1820          6
1821          4
1822          6
1824          5
1826          7
1828          6
1831          3
1834          9
1836          9
1837          3
1838          6
1839          3
1841          8
1842          4
1843          6
1845          7
1846          2
1847          9
1848          8
1850          7
1853          3
1855          7
1858          9
1860          6
1861          5
1862          6
1863          8
1865          2
1866          5
1867          2
1869          6
1871          9
1874          6
1876          9
1879          7
1881          3
1882          3
1883          3
1884          5
1885          4
1887          4
1888          6
1890          9
1892          9
1893          2
1895          2
1897          4
1900          8
1902          2
1903          8
1904          8
1905          6
1906          4
1908          3
1910          2
1911          9
1912          6
1913          4
1916          5
1919          7
1921          4
1923          9
1924          4
1926          9
1928          2
1930          5
1931          3
1932          7
1933          2
1935          3
1936          9
1937          6
1939          8
1941          9
1942          2
1944          2
1946          7
1949          4
1950          5
1951          8
1953          8
1954          8
1955          6
1956          6
1957          6
1959          4
1960          9
1962          5
1963          2
1965          3
1967          9
1968          7
1970          8
1972          3
1973          8
1974          6
1976          2
1977          5
1978          5
1980          8
1981          7
1982          3
1983          8
1985          2
1986          5
1987          3
1988          3
1990          6
1991          7
1993          4
1995          8
1996          7
1998          8
2000          9
2001          600
2002          6
2003          872
2005          587
2006          713
2007          991
2008          864
2010          911
2012          810
2013          5
2014          850
2015          9
2017          516
2018          3
2020          595
2021          8
2022          5
2023          4
2024          6
2025          8
2027          7
2028          7
2030          2
2031          3
2032          8
2033          4
2035          2
2036          2
2037          7
2038          5
2041          7
2043          4
2044          7
2046          9
2047          7
2048          8
2050          7
2051          4
2052          5
2054          5
2055          3
2056          9
2058          5
2059          8
2060          4
2061          2
2063          4
2064          5
2066          9
2069          3
2071          3
2072          6
2074          4
2076          8
2077          3
2078          5
2080          2
2081          5
2082          9
2083          5
2085          4
2088          4
2090          7
2091          4
2092          3
2093          7
2094          2
2096          7
2097          2
2098          9
2099          8
2101          9
2102          2
2103          6
2104          4
2106          8
2108          4
2109          8
2111          7
2112          4
2113          9
2114          7
2115          2
2117          7
2118          2
2120          6
2122          4
2123          5
2125          7
2127          2
2128          3
2130          9
2132          6
2133          3
2134          5
2136          9
2138          7
2139          7
2141          5
2143          2
2146          2
2148          4
2149          4
2150          4
2152          5
2154          9
2155          4
2157          7
2159          3
2160          8
2162          9
2163          8
2164          9
2165          3
2166          7
2168          2
2169          6
2170          3
2171          6
2173          2
2175          5
2176          8
2178          9
2180          7
2181          7
2182          5
2184          2
2185          2
2187          8
2190          6
2193          6
2195          5
2196          8
2199          4
2201          6
2202          7
2204          2
2205          6
2207          5
2208          2
2210          7
2211          2
2213          9
2214          4
2216          2
2217          5
2218          9
2220          7
2221          2
2224          9
2226          2
2227          2
2229          5
2230          4
2232          2
2233          8
2235          2
2236          3
2238          4
2239          5
2241          4
2244          2
2245          5
2247          2
2248          3
2250          4
2251          3
2252          3
2253          8
2256          9
2257          3
2258          6
2260          3
2261          2
2262          4
2264          3
2266          5
2269          3
2270          8
2272          9
2275          8
2278          3
2281          6
2284          9
2287          8
2290          8
2293          5
2295          2
2296          5
2298          7
2299          9
2301          3
2302          2
2304          3
2305          4
2307          5
2308          9
2310          3
2311          8
2313          6
2314          5
2316          9
2317          2
2318          6
2319          7
2320          9
2321          7
2322          4
2323          8
2324          8
2325          2
2326          9
2328          2
2330          3
2331          7
2333          5
2335          8
2336          7
2337          9
2338          8
2340          3
2341          8
2343          3
2345          9
2347          3
2348          3
2350          3
2353          4
2355          4
2357          8
2358          2
2360          2
2361          2
2362          4
2364          6
2365          7
2366          8
2367          5
2369          4
2372          6
2374          9
2375          3
2376          9
2378          4
2379          2
2381          9
2383          7
2384          5
2386          7
2388          6
2389          7
2391          3
2392          3
2393          6
2394          5
2396          6
2397          7
2398          8
2400          4
2402          8
2405          3
2407          9
2408          2
2410          3
2411          8
2412          9
2413          8
2414          9
2416          7
2417          8
2419          5
2421          6
2422          8
2424          6
2425          7
2426          6
2428          6
2429          5
2430          6
2431          3
2434          8
2436          7
2438          3
2439          6
2441          3
2442          8
2445          4
2447          8
2450          6
2451          7
2452          4
2453          2
2454          4
2456          7
2457          8
2459          3
2462          8
2464          9
2465          9
2466          5
2468          2
2471          5
2473          4
2474          2
2475          3
2477          6
2478          7
2480          7
2482          9
2483          5
2485          6
2486          4
2487          8
2489          6
2492          3
2494          5
2495          4
2497          8
2498          3
2499          7
2501          9
2503          3
2504          2
2506          9
2507          6
2508          4
2509          8
2511          6
2513          3
2515          5
2516          8
2517          6
2519          5
2520          6
2522          8
2524          7
2527          7
2528          7
2529          3
2531          7
2532          9
2534          6
2535          5
2536          3
2538          3
2539          3
2540          8
2541          9
2543          3
2545          2
2547          5
2548          2
2549          7
2550          6
2552          3
2554          4
2555          5
2557          3
2558          8
2559          5
2561          4
2562          8
2564          4
2565          7
2568          5
2570          5
2571          3
2572          4
2574          7
2576          9
2577          7
2578          4
2580          7
2581          5
2583          8
2584          9
2586          2
2587          4
2589          3
2590          9
2591          7
2593          2
2595          7
2597          6
2598          3
2599          8
2600          3
2601          4
2603          6
2605          5
2606          2
2607          4
2608          3
2610          2
2611          7
2612          5
2613          7
2614          7
2616          8
2618          6
2620          3
2621          7
2622          9
2623          4
2624          6
2626          2
2628          9
2630          4
2631          8
2632          7
2634          3
2636          2
2637          9
2638          7
2640          2
2641          4
2642          3
2643          8
2644          4
2646          2
2647          6
2648          7
2649          7
2651          3
2653          7
2654          7
2655          5
2656          7
2657          2
2659          6
2661          9
2662          7
2663          5
2664          6
2665          3
2666          8
2667          9
2669          8
2672          2
2674          5
2676          9
2678          6
2679          6
2681          2
2683          7
2684          2
2685          4
2687          7
2689          3
2691          2
2692          5
2694          9
2696          5
2697          4
2698          3
2699          5
2700          8
2702          8
2704          4
2705          8
2707          6
2709          8
2711          8
2712          4
2713          4
2715          8
2716          4
2717          4
2718          5
2719          5
2720          6
2721          3
2722          3
2724          3
2725          9
2726          6
2727          7
2729          9
2730          2
2731          7
2733          4
2735          5
2736          6
2738          3
2739          7
2740          7
2742          9
2744          4
2747          3
2748          5
2750          5
2751          4
2753          2
2754          8
2755          3
2757          3
2759          3
2760          5
2761          7
2762          5
2763          4
2765          4
2766          6
2768          8
2769          6
2771          4
2772          6
2774          9
2776          4
2778          2
2779          2
2780          6
2782          5
2784          8
2785          6
2787          4
2788          8
2789          5
2790          3
2791          9
2793          4
2795          4
2796          4
2797          4
2799          3
2802          7
2804          3
2805          4
2806          3
2807          2
2808          8
2810          5
2812          2
2813          6
2814          7
2816          7
2819          3
2821          8
2822          5
2823          3
2824          5
2825          8
2827          5
2829          7
2830          7
2832          2
2833          6
2834          2
2836          5
2838          7
2839          5
2840          5
2842          6
2844          2
2845          3
2847          5
2849          4
2850          9
2851          8
2853          9
2854          9
2855          7
2856          8
2857          7
2859          3
2861          2
2862          7
2864          4
2866          5
2867          8
2869          6
2871          3
2872          9
2874          7
2877          8
2879          3
2880          7
2882          6
2883          6
2884          3
2886          6
2887          8
2889          7
2892          7
2895          9
2897          3
2898          5
2899          5
2900          6
2902          4
2903          6
2905          5
2906          7
2907          3
2909          5
2910          3
2912          2
2915          3
2917          2
2918          8
2920          4
2921          8
2922          6
2924          8
2925          7
2927          4
2930          4
2932          4
2933          7
2935          9
2936          8
2937          7
2939          9
2940          9
2942          6
2945          4
2947          3
2948          3
2950          3
2951          4
2952          6
2954          5
2955          2
2957          2
2959          4
2960          4
2962          7
2963          2
2965          9
2966          2
2968          8
2970          2
2972          7
2973          4
2975          9
2978          3
2980          3
2981          5
2982          9
2984          5
2986          4
2987          8
2988          5
2990          7
2992          7
2993          6
2994          9
2995          3
2997          6
2998          7
2999          9
3001          6
3003          8
3004          3
3005          7
3007          3
3008          3
3010          2
3012          3
3014          8
3016          3
3018          4
3019          3
3020          2
3021          5
3023          3
3024          3
3025          5
3026          7
3027          7
3029          5
3031          6
3032          5
3034          8
3035          6
3036          8
3037          9
3038          2
3040          6
3042          3
3043          7
3044          8
3046          4
3047          4
3048          2
3049          5
3051          6
3053          6
3055          3
3056          3
3057          4
3059          3
3060          6
3061          8
3062          5
3064          6
3066          9
3067          4
3068          6
3070          2
3072          8
3073          3
3074          5
3075          6
3077          7
3078          2
3079          2
3080          5
3081          5
3083          6
3084          2
3085          9
3086          9
3088          9
3089          5
3091          9
3094          2
3096          6
3099          3
3102          5
3104          5
3105          5
3106          6
3107          5
3109          3
3110          7
3112          6
3113          9
3114          8
3115          4
3117          4
3118          7
3119          9
3120          8
3122          2
3123          7
3125          8
3126          8
3127          6
3128          9
3130          3
3131          3
3132          3
3133          3
3135          3
3136          2
3138          4
3140          3
3141          3
3143          7
3145          6
3146          6
3148          3
3150          8
3153          4
3155          7
3157          7
3158          6
3160          4
3162          6
3163          8
3164          8
3166          3
3168          2
3169          2
3171          5
3173          8
3175          3
3176          4
3178          9
3179          3
3180          6
3181          8
3183          4
3184          5
3185          6
3186          3
3188          5
3189          2
3190          9
3192          2
3194          4
3197          6
3199          3
3201          5
3204          8
3206          3
3207          6
3208          7
3210          4
3213          2
3215          8
3217          7
3220          7
3222          2
3225          9
3228          8
3230          3
3232          6
3235          5
3237          7
3239          2
3241          4
3243          5
3244          3
3246          6
3248          3
3250          3
3252          3
3253          8
3254          3
3255          4
3256          6
3257          2
3258          8
3260          4
3262          2
3264          7
3265          7
3266          2
3267          2
3269          6
3271          5
3272          5
3273          9
3275          5
3276          7
3278          8
3280          7
3282          2
3283          4
3284          6
3286          7
3288          6
3289          8
3290          5
3291          7
3293          5
3294          6
3295          5
3297          2
3299          8
3301          6
3302          4
3304          6
3305          7
3306          2
3307          9
3308          5
3310          6
3313          7
3315          5
3316          4
3317          3
3318          8
3319          7
3321          6
3324          3
3325          3
3326          5
3327          2
3328          4
3330          7
3333          9
3335          4
3337          8
3338          2
3339          9
3341          3
3344          6
3347          2
3350          5
3353          7
3356          9
3359          6
3362          3
3365          9
3367          5
3371          6
3373          5
3376          5
3379          9
3382          7
3384          9
3387          7
3389          4
3392          4
3395          4
3398          3
3401          8
3404          6
3407          4
3409          8
3410          7
3412          9
3415          8
3418          2
3421          8
3423          3
3426          6
3428          3
3431          9
3434          6
3436          6
3439          2
3441          3
3444          9
3453          6
3455          4
3458          2
3461          5
3463          7
3466          6
3469          6
3471          8
3474          5
3477          7
3479          5
3482          6
3484          9
3487          5
3490          9
3493          2
3495          5
3498          2
3501          8
3504          4
3506          2
3509          4
3511          3
3514          6
3517          2
3519          5
3522          8
3525          3
3527          6
3530          2
3533          7
3536          6
3538          8
3541          3
3544          3
3560          9
3563          7
3566          2
3568          7
3570          2
3573          6
3575          6
3577          4
3579          8
3582          8
3584          7
3586          4
3588          2
3591          3
3593          8
3595          5
3598          2
3600          9
3602          9
3604          2
3607          7
3609          4
3611          7
3614          8
3616          4
3618          7
3621          8
3623          7
3625          8
3628          6
3630          3
3632          6
3635          2
3637          8
3640          3
3642          5
3644          3
3647          7
3649          9
3652          5
3654          4
3656          8
3659          7
3661          3
3663          2
3666          9
3668          9
3671          3
3673          4
3676          8
3690          2
3692          9
3694          8
3697          5
3698          5
3700          9
3702          9
3705          2
3706          4
3709          6
3711          3
3713          2
3715          6
3717          8
3719          2
3721          5
3723          5
3725          3
3727          6
3729          7
3732          9
3734          9
3736          9
3738          8
3740          2
3742          7
3744          6
3747          5
3749          3
3751          6
3753          3
3755          3
3757          5
3759          3
3761          3
3764          3
3766          6
3768          4
3770          7
3772          9
3774          6
3776          8
3779          2
3781          9
3783          7
3785          5
3787          5
3789          2
3791          6
3793          3
3795          3
3798          6
3801          4
3804          9
3806          8
3810          8
3813          4
3816          6
3819          4
3822          7
3825          5
3828          6
3831          7
3834          4
3836          6
3839          3
3842          2
3845          2
3848          5
3850          6
3853          5
3856          8
3859          8
3862          5
3865          9
3867          7
3870          6
3873          9
3876          4
3878          6
3881          8
3884          6
3887          9
3890          2
3893          4
3895          2
3898          6
3901          3
3904          2
3907          7
3909          2
3912          2
3915          7
3918          4
3921          4
3924          8
3926          3
3929          3
3932          2
3935          5
3937          6
3939          3
3942          7
3945          5
3947          2
3950          2
3952          9
3955          9
3958          8
3960          4
3963          2
3965          3
3968          3
3970          6
3973          8
3975          6
3978          5
3980          5
3983          5
3985          4
3988          4
3990          7
3992          2
3995          4
3998          963
4000          509
4003          833
4005          840
4008          596
4011          584
4013          948
4015          842
4018          639
4020          896
4024          902
4027          917
4029          6
4032          7
4034          2
4037          5
4040          2
4042          4
4044          5
4047          5
4049          9
4052          5
4055          5
4057          7
4059          8
4062          4
4068          8
4071          9
4073          5
4075          7
4078          5
4080          4
4083          2
4085          2
4087          2
4090          6
4092          2
4095          5
4097          5
4099          2
4102          7
4104          8
4107          6
4110          8
4112          5
4114          7
4117          4
4119          6
4122          4
4124          2
4126          5
4129          3
4131          5
4134          9
4136          9
4139          3
4141          6
4143          9
4146          2
4149          5
4151          2
4154          5
4156          2
4158          6
4161          8
4163          9
4166          5
4168          7
4170          2
4173          2
4175          5
4178          9
4180          7
4183          8
4185          8
4188          5
4193          2
4195          3
4198          7
4200          4
4203          8
4206          6
4208          9
4211          4
4213          5
4216          9
4219          3
4221          6
4224          6
4226          8
4229          2
4232          4
4234          2
4237          2
4240          5
4242          6
4245          7
4247          6
4250          5
4252          3
4255          6
4258          6
4260          3
4262          4
4265          7
4268          9
4271          2
4273          6
4275          7
4278          7
4281          6
4283          5
4286          9
4288          7
4291          6
4293          5
4296          7
4299          5
4301          6
4304          8
4306          3
4309          8
4312          2
4314          3
4315          2
4317          9
4319          6
4320          7
4322          3
4324          2
4326          7
4329          7
4332          3
4334          4
4336          8
4338          6
4341          2
4343          2
4346          4
4348          5
4350          8
4353          8
4355          8
4358          8
4361          5
4363          7
4365          2
4368          7
4370          2
4373          7
4375          3
4377          6
4380          7
4382          2
4385          4
4387          9
4390          8
4392          6
4394          6
4397          5
4399          8
4401          7
4404          5
4406          2
4408          5
4411          5
4413          2
4415          5
4418          9
4420          5
4422          9
4425          9
4427          5
4429          8
4432          2
4435          6
4438          7
4441          2
4444          8
4447          5
4449          4
4452          4
4455          2
4458          4
4461          9
4465          3
4468          4
4470          5
4474          3
4477          7
4480          6
4482          8
4485          6
4488          6
4491          7
4494          8
4497          9
4500          8
4502          6
4506          5
4508          6
4511          9
4514          8
4517          5
4520          3
4523          5
4526          3
4529          9
4531          6
4534          3
4537          4
4540          7
4543          9
4545          6
4549          6
4552          3
4554          5
4557          3
4560          2
4562          6
4563          5
4565          7
4567          8
4568          7
4570          4
4571          8
4573          4
4576          3
4578          2
4581          4
4584          3
4586          7
4589          6
4592          9
4595          6
4598          9
4601          8
4603          3
4606          9
4609          9
4611          3
4614          7
4617          8
4619          9
4622          8
4625          8
4628          2
4630          6
4633          3
4635          9
4638          4
4641          2
4643          9
4646          6
4649          9
4651          2
4654          3
4657          2
4659          5
4662          4
4664          5
4667          8
4670          5
4673          8
4675          6
4678          5
4680          9
4683          4
4686          2
4688          3
4690          7
4691          3
4693          9
4694          5
4695          7
4698          5
4700          4
4702          2
4705          7
4707          3
4710          7
4712          3
4714          8
4717          6
4719          6
4722          5
4724          8
4726          5
4729          9
4731          5
4733          5
4736          8
4738          6
4740          7
4743          4
4746          9
4748          8
4750          5
4752          6
4755          9
4758          4
4760          6
4762          7
4765          7
4767          3
4770          4
4772          4
4775          4
4777          8
4780          3
4782          3
4785          6
4787          2
4789          6
4792          9
4794          7
4797          7
4799          7
4802          8
4804          4
4806          2
4809          9
4820          3
4822          7
4824          5
4827          6
4830          4
4832          6
4834          5
4837          3
4839          7
4841          3
4844          9
4846          4
4849          2
4851          3
4853          9
4856          9
4858          4
4861          5
4863          2
4866          2
4868          2
4870          7
4873          5
4875          8
4877          2
4880          7
4883          6
4885          4
4887          3
4890          4
4892          3
4895          3
4897          9
4899          2
4902          9
4904          8
4906          7
4909          6
4911          5
4913          9
4916          7
4918          8
4921          6
4923          8
4925          3
4928          8
4930          6
4933          6
4935          7
4937          4
4945          3
4947          8
4950          6
4952          8
4955          2
4957          6
4959          9
4961          7
4963          9
4965          7
4967          2
4970          7
4972          9
4974          8
4976          6
4978          6
4980          9
4983          3
4985          6
4987          9
4989          2
4991          5
4994          4
4996          9
4998          5
5000          3
5002          4
5005          4
5007          4
5009          2
5011          9
5013          6
5016          2
5018          7
5020          2
5022          5
5024          2
5026          8
5028          3
5031          8
5033          9
5035          3
5037          2
5039          2
5042          2
5044          8
5046          7
5049          7
5051          8
5053          8
5069          3
5071          5
5074          7
5076          2
5079          4
5081          7
5084          8
5087          8
5089          3
5092          8
5094          5
5097          5
5099          8
5102          6
5105          4
5107          4
5109          4
5112          3
5115          7
5117          3
5120          3
5122          6
5125          6
5127          8
5130          5
5132          7
5135          5
5137          5
5139          7
5142          6
5145          4
5147          2
5150          9
5152          3
5155          8
5157          5
5160          8
5162          9
5165          3
5167          2
5170          2
5173          3
5175          6
5178          3
5180          7
5182          5
5185          6
5187          2
5190          6
5192          3
5194          7
5196          7
5198          9
5201          5
5203          4
5206          6
5208          9
5210          5
5213          5
5215          7
5218          5
5220          3
5222          3
5225          8
5227          5
5230          8
5232          5
5235          7
5237          6
5239          5
5242          3
5244          2
5247          8
5249          9
5251          8
5254          5
5256          4
5258          4
5261          9
5263          8
5266          4
5268          8
5270          5
5273          5
5275          7
5278          5
5280          3
5282          9
5285          7
5287          9
5289          3
5292          5
5294          5
5296          6
5299          3
5301          8
5304          7
5307          2
5309          7
5312          9
5315          6
5317          9
5320          5
5323          4
5325          6
5328          3
5331          3
5333          2
5336          4
5338          6
5341          4
5344          7
5346          4
5349          5
5352          4
5354          7
5357          3
5360          7
5362          4
5365          3
5368          9
5371          7
5373          9
5376          7
5379          4
5381          9
5384          9
5387          4
5390          6
5393          9
5395          3
5398          2
5401          3
5403          7
5406          3
5409          5
5411          5
5414          7
5417          8
5419          7
5422          7
5425          2
5427          9
5430          3
5433          9
5435          3
5437          3
5440          7
5442          2
5445          3
5447          3
5450          7
5452          4
5455          9
5458          8
5460          9
5463          2
5465          8
5468          3
5470          2
5473          5
5475          7
5477          2
5480          8
5482          7
5485          6
5487          6
5490          3
5492          3
5495          8
5497          4
5500          6
5503          6
5505          5
5507          3
5510          3
5512          6
5515          5
5518          9
5520          4
5522          7
5525          5
5528          2
5530          7
5533          3
5535          4
5537          5
5540          2
5543          8
5545          3
5548          9
5550          3
5552          3
5555          9
5558          8
5574          3
5576          8
5579          8
5581          9
5584          9
5586          8
5589          4
5591          8
5594          4
5596          3
5599          8
5601          4
5604          7
5607          2
5609          5
5612          8
5614          9
5617          3
5619          2
5622          7
5625          5
5627          4
5630          7
5632          2
5635          6
5637          3
5640          4
5642          6
5645          4
5647          2
5650          2
5652          8
5655          8
5657          5
5660          8
5662          5
5665          6
5667          4
5670          4
5672          6
5675          5
5677          6
5680          5
5682          5
5685          7
5688          8
5690          6
5693          8
5695          8
5697          8
5698          6
5699          4
5702          9
5704          6
5706          4
5709          2
5711          2
5714          5
5716          4
5719          6
5721          8
5724          6
5726          6
5728          2
5731          4
5734          3
5736          6
5739          9
5741          6
5743          9
5745          8
5748          4
5751          9
5753          4
5755          7
5757          3
5760          7
5763          4
5765          8
5768          6
5770          8
5773          9
5775          6
5777          5
5780          2
5782          8
5785          9
5787          6
5789          3
5792          8
5795          8
5797          2
5800          2
5802          8
5804          9
5807          4
5810          3
5812          6
5815          5
5817          2
5823          3
5825          8
5828          7
5831          7
5834          9
5836          7
5839          4
5842          3
5844          2
5847          3
5849          9
5852          5
5855          4
5858          5
5861          3
5863          3
5866          7
5869          6
5871          8
5874          2
5876          5
5879          5
5882          2
5885          8
5888          5
5890          8
5893          6
5896          2
5898          2
5901          6
5903          7
5906          6
5908          2
5911          6
5914          5
5917          7
5919          2
5922          3
5925          7
5927          4
5930          4
5932          9
5934          9
5937          7
5940          2
5943          2
5945          4
5948          9
5950          8
5951          4
5953          3
5955          8
5957          6
5959          9
5961          5
5963          3
5965          2
5967          4
5969          2
5971          6
5973          8
5975          8
5977          2
5979          4
5981          3
5983          9
5985          2
5987          5
5990          2
5992          2
5994          9
5995          2
5997          2
5999          2
6002          2
6004          8
6006          5
6008          5
6010          8
6012          2
6014          8
6016          2
6018          4
6020          3
6022          6
6024          7
6026          9
6028          4
6030          7
6032          8
6034          7
6036          8
6038          3
6040          8
6042          2
6044          5
6046          2
6048          7
6050          7
6055          5
6057          9
6060          2
6062          8
6064          2
6066          8
6069          4
6071          2
6073          2
6075          2
6078          6
6080          6
6082          3
6084          7
6087          4
6089          8
6092          3
6094          7
6096          9
6098          9
6101          6
6102          9
6105          4
6107          9
6110          2
6112          8
6114          9
6116          9
6119          9
6120          4
6123          9
6125          4
6127          9
6130          6
6132          6
6134          2
6136          3
6139          9
6141          3
6143          6
6145          3
6148          2
6150          2
6153          3
6155          6
6157          4
6159          2
6161          8
6164          6
6166          9
6169          9
6172          7
6175          9
6179          6
6182          5
6185          4
6188          9
6191          4
6194          8
6197          7
6200          8
6203          3
6206          4
6210          3
6213          2
6216          5
6219          4
6222          9
6225          3
6228          6
6231          9
6234          9
6237          2
6240          4
6244          4
6247          3
6250          4
6253          5
6256          7
6259          8
6262          5
6265          8
6268          4
6271          4
6275          7
6278          3
6281          8
6284          5
6287          3
6290          6
6293          3
6296          6
6299          9
6302          3
6305          3
6308          6
6311          7
6314          2
6317          8
6320          8
6323          9
6326          2
6329          3
6332          6
6335          7
6338          9
6341          7
6344          2
6347          3
6350          8
6353          4
6355          3
6358          4
6361          7
6364          2
6368          5
6370          9
6373          2
6376          7
6379          7
6382          7
6385          6
6388          5
6391          6
6394          6
6397          7
6400          9
6403          6
6406          5
6410          9
6412          4
6415          5
6418          7
6421          5
6424          6
6427          6
6430          9
6433          6
6436          6
6439          4
6442          2
6446          5
6449          9
6451          8
6454          5
6457          5
6461          6
6464          3
6467          8
6469          4
6471          6
6473          6
6476          4
6479          5
6481          7
6483          6
6486          2
6489          5
6491          6
6494          3
6496          5
6499          8
6502          6
6504          3
6506          3
6509          7
6511          9
6514          4
6517          6
6519          7
6521          8
6524          4
6526          8
6529          5
6531          8
6533          8
6536          7
6539          2
6541          9
6544          8
6546          9
6549          3
6551          6
6554          4
6556          8
6559          9
6562          2
6564          2
6567          2
6569          4
6572          5
6574          6
6576          7
6580          6
6582          5
6584          5
6587          5
6589          2
6592          7
6595          6
6599          6
6601          7
6603          6
6606          5
6608          3
6610          9
6613          2
6615          5
6618          3
6620          9
6622          6
6625          9
6627          5
6630          6
6632          4
6635          6
6637          3
6639          9
6641          3
6644          7
6646          9
6648          8
6651          2
6653          2
6656          4
6658          8
6660          7
6663          5
6665          7
6668          2
6670          5
6672          4
6674          5
6676          7
6679          4
6682          5
6684          7
6686          3
6689          8
6691          2
6694          5
6696          3
6698          4
6700          4
6702          2
6705          4
6707          4
6710          6
6712          8
6715          7
6718          3
6721          6
6723          8
6726          9
6728          9
6731          7
6734          8
6736          4
6738          7
6741          3
6744          9
6746          5
6748          6
6751          2
6753          3
6756          3
6758          6
6761          4
6763          8
6766          5
6768          7
6771          6
6773          8
6776          3
6778          3
6780          8
6783          4
6786          4
6788          3
6791          6
6793          9
6796          2
6798          9
6801          3
6803          5
6806          5
6808          8
6811          5
6813          8
6816          7
6818          3
6820          2
6823          2
6826          8
6828          5
6830          5
6833          2
6836          6
6838          4
6840          6
6844          3
6847          4
6849          5
6851          3
6854          8
6856          8
6858          3
6861          5
6863          8
6866          2
6868          6
6871          2
6873          5
6875          3
6878          8
6880          7
6882          5
6885          6
6887          2
6890          4
6892          7
6895          4
6897          2
6900          9
6902          9
6904          2
6907          8
6909          9
6912          6
6914          7
6917          5
6919          8
6921          6
6924          9
6926          3
6929          8
6931          7
6933          7
6936          3
6938          3
6940          6
6943          5
6945          7
6948          8
6950          5
6952          8
6955          3
6957          9
6960          2
6962          7
6963          7
6965          7
6968          5
6971          2
6973          3
6975          8
6977          4
6980          5
6982          8
6985          2
6987          2
6989          6
6992          2
6994          5
6997          5
6999          6
7002          5
7004          9
7007          6
7009          6
7012          2
7014          4
7017          7
7019          5
7022          7
7024          6
7027          9
7029          4
7031          4
7034          3
7036          9
7039          7
7041          4
7044          8
7046          2
7049          5
7052          3
7054          9
7056          8
7059          8
7062          4
7064          2
7067          4
7069          5
7071          2
7074          3
7077          2
7079          3
7081          2
7082          4
7084          8
7087          2
7090          2
7092          9
7095          5
7098          2
7100          5
7103          5
7105          7
7108          8
7111          5
7113          7
7116          7
7118          7
7121          2
7124          9
7126          6
7128          6
7131          9
7133          9
7136          6
7139          7
7141          7
7144          4
7146          2
7149          8
7152          9
7154          7
7157          7
7159          4
7162          3
7165          7
7167          7
7170          8
7172          8
7175          3
7178          8
7180          2
7183          9
7186          9
7188          9
7191          6
7194          6
7196          6
7199          3
7201          8
7204          8
7207          5
7209          3
7213          3
7215          6
7218          9
7220          8
7223          5
7225          4
7227          3
7229          9
7232          6
7234          8
7236          4
7238          6
7241          6
7243          3
7245          7
7247          6
7250          4
7252          6
7254          6
7256          9
7259          4
7261          5
7263          9
7265          7
7267          8
7269          9
7272          9
7274          9
7277          9
7278          2
7281          5
7283          8
7285          4
7287          8
7290          6
7292          4
7294          4
7296          8
7299          9
7301          5
7303          3
7305          7
7307          7
7310          5
7312          9
7314          9
7316          9
7319          8
7321          4
7323          3
7326          9
7329          4
7331          9
7333          6
7336          7
7338          2
7340          3
7343          6
7345          9
7347          4
7350          2
7352          2
7354          2
7357          2
7359          9
7361          6
7364          7
7366          2
7369          4
7371          8
7373          7
7376          5
7378          8
7380          7
7383          8
7386          9
7388          3
7390          6
7392          3
7395          3
7398          3
7400          6
7402          5
7404          3
7406          6
7409          8
7411          2
7414          8
7416          9
7418          6
7421          4
7423          8
7425          7
7427          2
7430          4
7432          4
7435          8
7437          9
7439          6
7442          5
7453          8
7456          7
7459          2
7461          7
7463          5
7466          9
7469          5
7471          5
7473          2
7476          4
7478          8
7481          2
7484          7
7486          7
7488          6
7491          2
7494          5
7496          4
7499          5
7501          9
7504          7
7506          5
7508          9
7511          9
7513          8
7516          5
7519          3
7521          6
7523          3
7526          6
7528          8
7531          4
7534          4
7536          2
7539          7
7541          8
7544          7
7547          6
7549          8
7551          5
7554          4
7557          8
7559          9
7561          8
7564          4
7567          7
7569          4
7572          6
7574          4
7577          6
7580          9
7582          4
7585          4
7588          4
7590          8
7593          5
7595          3
7598          7
7601          9
7603          8
7606          2
7609          7
7611          7
7614          2
7616          3
7619          6
7622          7
7624          6
7627          9
7629          8
7632          5
7635          9
7638          8
7640          2
7643          5
7645          7
7648          4
7650          6
7653          4
7655          7
7657          7
7660          9
7663          3
7665          5
7668          4
7670          6
7672          8
7675          5
7678          9
7680          6
7683          4
7685          6
7688          9
7690          4
7693          2
7695          4
7698          6
7700          9
7703          9
7706          3
7708          9
7711          8
7713          3
7716          9
7718          8
7720          2
7723          5
7725          4
7728          2
7730          2
7733          7
7735          3
7738          9
7741          3
7743          2
7746          4
7748          5
7750          4
7753          2
7755          2
7758          7
7760          9
7763          4
7765          8
7768          6
7771          4
7773          4
7776          5
7778          6
7781          3
7784          7
7786          4
7789          9
7791          9
7794          2
7797          4
7799          3
7802          4
7804          7
7807          8
7809          3
7812          6
7814          6
7817          2
7820          7
7822          7
7825          7
7827          9
7839          8
7841          6
7843          2
7845          6
7847          3
7849          2
7851          6
7853          2
7855          3
7857          8
7859          2
7861          4
7863          9
7865          3
7867          4
7869          5
7871          7
7873          4
7875          9
7877          7
7879          7
7881          6
7883          6
7885          5
7887          4
7889          9
7891          3
7894          9
7896          9
7897          4
7899          8
7902          3
7904          3
7906          5
7908          2
7910          8
7912          9
7913          7
7916          9
7918          7
7919          2
7921          6
7923          2
7926          3
7927          3
7929          9
7931          5
7933          9
7935          8
7937          3
7939          3
7942          2
7945          9
7947          3
7950          7
7953          4
7955          8
7958          7
7960          5
7963          5
7966          2
7968          6
7971          9
7974          2
7977          3
7979          3
7982          2
7984          8
7987          2
7989          7
7992          5
7995          6
7997          7
8000          5
8002          6
8005          5
8008          5
8010          5
8013          7
8016          2
8018          6
8021          2
8024          4
8026          7
8029          2
8032          7
8035          4
8037          5
8040          3
8043          3
8045          8
8048          6
8051          2
8053          6
8056          5
8059          5
8061          9
8064          2
8067          4
8069          4
8070          9
8073          2
8076          5
8079          3
8082          2
8085          7
8088          9
8092          3
8095          3
8098          6
8101          5
8104          8
8107          5
8110          6
8113          3
8116          7
8120          2
8123          5
8126          4
8129          6
8132          5
8135          5
8137          8
8141          5
8144          2
8147          8
8149          5
8152          9
8155          9
8159          9
8162          5
8165          4
8168          2
8171          3
8175          4
8178          6
8181          3
8184          6
8187          2
8191          2
8194          4
8197          6
8200          9
8203          7
8206          5
8209          6
8212          6
8215          6
8218          9
8221          6
8222          5
8224          9
8227          3
8230          5
8233          2
8236          6
8239          7
8242          5
8247          2
8250          6
8253          2
8256          4
8259          6
8262          5
8265          3
8268          4
8271          4
8274          8
8277          9
8280          8
8283          8
8286          8
8289          9
8292          4
8295          8
8298          6
8301          2
8305          5
8308          5
8310          8
8314          6
8317          9
8319          4
8322          4
8325          6
8329          2
8332          8
8335          8
8338          7
8341          4
8344          4
8347          7
8351          5
8354          5
8356          8
8360          2
8363          3
8365          8
8367          6
8368          6
8371          9
8374          3
8376          5
8379          9
8382          3
8385          9
8388          9
8391          7
8393          3
8396          3
8399          3
8402          2
8405          8
8408          2
8411          6
8414          4
8417          3
8420          9
8423          7
8426          4
8429          3
8432          2
8435          9
8438          9
8441          6
8444          9
8447          4
8450          2
8453          4
8455          3
8458          3
8461          8
8465          8
8467          9
8470          5
8473          9
8476          9
8479          4
8482          7
8485          5
8487          5
8490          3
8493          6
8496          3
8499          4
8502          4
8505          3
8508          2
8515          8
8517          3
8520          9
8522          6
8524          2
8527          9
8529          9
8531          7
8533          4
8536          9
8538          9
8541          5
8543          8
8545          8
8548          4
8550          5
8553          3
8555          4
8557          8
8559          9
8561          8
8564          6
8566          2
8568          4
8570          9
8573          9
8575          2
8577          2
8580          2
8582          5
8584          6
8586          8
8589          2
8591          9
8594          4
8596          6
8598          4
8600          3
8603          3
8605          9
8608          4
8610          9
8612          7
8615          7
8617          9
8619          7
8621          5
8624          6
8626          8
8628          8
8639          5
8641          3
8644          5
8647          4
8649          5
8652          3
8654          9
8657          7
8659          8
8662          7
8664          7
8667          2
8669          2
8672          7
8674          4
8677          2
8679          6
8682          9
8684          5
8687          5
8689          9
8691          5
8694          9
8696          8
8699          5
8702          7
8704          9
8706          6
8709          2
8711          9
8714          5
8716          6
8718          5
8721          2
8724          3
8726          2
8728          8
8731          3
8733          2
8735          9
8738          8
8742          5
8744          8
8746          4
8749          4
8752          2
8754          5
8757          2
8759          2
8761          2
8769          4
8772          9
8774          9
8777          8
8779          2
8782          2
8785          3
8787          6
8790          5
8793          3
8795          2
8798          9
8801          8
8803          2
8806          5
8808          9
8811          2
8814          7
8816          7
8819          4
8821          6
8824          3
8827          2
8829          8
8832          3
8834          6
8837          2
8840          8
8842          9
8845          5
8848          5
8850          3
8853          2
8855          5
8858          2
8860          6
8863          9
8866          7
8868          5
8871          7
8873          2
8876          9
8879          9
8882          4
8884          8
8886          7
8889          6
8892          9
8895          6
8897          2
8914          7
8917          7
8919          2
8922          5
8924          5
8927          7
8929          8
8932          5
8934          7
8937          9
8939          8
8942          7
8944          9
8947          8
8949          2
8952          9
8954          2
8956          9
8959          4
8962          8
8964          3
8966          3
8969          3
8971          6
8974          5
8976          7
8980          2
8983          9
8985          7
8988          7
8990          6
8993          4
8995          4
8998          6
9000          7
9003          5
9005          9
9008          9
9010          7
9013          2
9016          5
9019          4
9021          9
9024          6
9027          7
9030          2
9032          8
9035          7
9037          3
9040          9
9042          2
9044          6
9046          2
9048          3
9050          6
9053          4
9055          6
9057          2
9059          2
9061          6
9063          4
9065          3
9067          7
9069          5
9072          5
9074          3
9076          8
9078          2
9080          7
9082          8
9084          3
9086          4
9088          7
9090          5
9093          6
9095          2
9097          8
9099          6
9101          4
9103          9
9105          8
9108          3
9110          9
9112          3
9114          3
9116          5
9118          5
9120          9
9122          9
9125          6
9126          7
9129          9
9131          3
9133          7
9135          7
9137          3
9139          3
9141          8
9143          7
9149          4
9151          8
9154          6
9157          8
9161          2
9163          5
9166          4
9169          8
9172          2
9175          8
9177          5
9180          7
9183          4
9186          9
9189          8
9191          5
9194          7
9197          7
9200          3
9203          6
9206          2
9208          9
9211          9
9214          3
9218          3
9220          2
9223          8
9226          2
9229          7
9232          3
9235          2
9237          7
9240          6
9243          3
9246          3
9248          7
9251          3
9254          6
9257          2
9259          6
9263          2
9266          5
9268          7
9271          3
9274          5
9277          7
9279          2
9280          9
9282          2
9283          5
9284          9
9286          9
9288          3
9290          8
9294          9
9296          8
9298          2
9300          6
9302          3
9305          6
9307          7
9309          4
9311          2
9313          4
9316          3
9318          2
9320          6
9323          6
9326          5
9328          3
9330          9
9332          3
9335          4
9337          8
9339          5
9341          7
9344          6
9346          6
9348          7
9350          9
9353          5
9355          5
9357          4
9359          5
9361          2
9364          4
9367          8
9369          2
9371          7
9373          9
9375          9
9378          8
9380          4
9382          6
9384          6
9387          4
9389          2
9391          6
9394          3
9397          9
9399          2
9401          8
9404          8
9406          6
9408          8
9410          8
9413          2
9415          8
9418          6
9420          3
9422          2
9424          4
9427          6
9429          3
9431          5
9433          3
9436          2
9438          8
9441          4
9443          6
9445          6
9447          4
9450          3
9452          3
9454          6
9457          9
9459          3
9461          8
9464          7
9466          3
9468          2
9470          9
9473          2
9476          4
9478          9
9480          4
9482          2
9484          9
9487          3
9489          9
9492          8
9494          8
9497          6
9499          6
9501          9
9504          8
9506          8
9508          6
9509          2
9511          2
9514          4
9516          5
9519          8
9522          6
9524          9
9527          9
9529          4
9532          6
9535          9
9537          5
9540          5
9542          9
9545          7
9547          2
9550          4
9552          4
9555          4
9557          8
9560          6
9563          6
9565          3
9568          8
9570          4
9573          2
9575          5
9578          9
9580          7
9582          9
9585          3
9587          4
9590          3
9592          6
9595          2
9598          5
9600          4
9603          5
9605          7
9608          9
9610          5
9613          8
9615          5
9618          6
9620          2
9623          6
9626          5
9628          6
9630          4
9638          4
9640          6
9644          5
9646          5
9649          8
9651          4
9654          4
9657          3
9660          5
9663          5
9665          6
9668          2
9670          3
9673          8
9676          9
9678          3
9681          9
9684          3
9687          8
9689          5
9692          8
9695          9
9697          3
9700          5
9703          7
9705          4
9708          2
9711          7
9714          9
9717          9
9719          3
9722          2
9724          2
9727          5
9730          4
9732          2
9735          2
9737          8
9740          9
9743          6
9745          8
9748          2
9751          7
9753          6
9756          2
9759          5
9761          6
9764          2
9767          2
9769          4
9772          8
9774          5
9777          5
9779          6
9782          2
9784          8
9786          3
9789          4
9791          2
9793          7
9796          8
9798          4
9801          4
9803          5
9806          9
9808          4
9811          2
9814          7
9816          7
9818          6
9821          9
9823          9
9826          5
9828          9
9830          2
9833          3
9835          3
9837          8
9840          2
9842          6
9844          4
9847          7
9850          5
9852          2
9854          6
9857          7
9859          7
9862          2
9864          7
9867          5
9869          5
9871          7
9874          8
9876          5
9879          5
9881          8
9883          5
9885          7
9894          6
9897          3
9900          5
9903          3
9905          9
9908          2
9911          6
9913          7
9916          3
9919          5
9921          9
9925          4
9927          8
9930          4
9932          4
9935          2
9938          7
9941          2
9944          7
9946          8
9949          7
9952          8
9955          7
9957          9
9960          7
9963          4
9966          6
9969          5
9971          9
9974          7
9977          6
9981          3
9983          6
9986          3
9989          9
9992          8
9995          4
9997          9
10000          2
10002          5
10005          7
10008          3
10010          9
10013          6
10016          6
10019          2
10021          9
10024          9
10027          5
10030          6
10032          9
10034          5
10036          3
10039          2
10041          3
10043          3
10045          8
10047          5
10049          8
10051          4
10053          5
10055          3
10058          2
10060          8
10063          7
10065          9
10067          2
10069          5
10071          5
10073          7
10075          9
10078          3
10080          9
10082          9
10084          7
10086          6
10088          4
10090          9
10092          2
10094          9
10097          3
10099          9
10101          8
10103          5
10105          5
10107          6
10109          6
10112          7
10114          4
10116          6
10118          3
10120          5
10122          2
10124          3
10126          3
10128          9
10130          9
10132          7
10133          3
10134          5
10135          8
10136          9
10138          3
10141          7
10143          3
10145          6
10147          7
10149          2
10151          4
10153          6
10155          5
10158          2
10160          3
10162          8
10164          5
10167          7
10169          8
10171          2
10174          7
10176          4
10178          2
10180          6
10182          7
10184          7
10186          3
10188          3
10190          5
10192          3
10195          7
10197          5
10199          2
10201          9
10203          2
10205          3
10208          9
10210          8
10212          9
10214          7
10216          3
10218          2
10220          9
10222          2
10224          9
10226          7
10229          8
10230          2
10232          8
10233          2
10235          9
10236          3
10237          5
10239          6
10242          9
10244          6
10247          4
10250          3
10252          5
10255          9
10258          5
10260          8
10263          5
10266          7
10268          3
10271          3
10274          6
10277          6
10279          8
10282          6
10285          2
10287          9
10290          2
10293          9
10295          7
10298          5
10301          9
10303          5
10306          5
10309          8
10311          8
10314          9
10317          3
10320          8
10322          9
10325          7
10327          2
10330          8
10333          7
10336          8
10338          9
10341          9
10344          5
10347          9
10349          3
10352          9
10355          8
10357          5
10360          2
10363          4
10365          3
10366          8
10369          4
10371          8
10374          7
10376          6
10379          4
10382          8
10384          3
10387          4
10390          5
10392          6
10395          3
10398          9
10400          8
10403          9
10405          4
10408          7
10410          2
10413          9
10416          7
10418          8
10421          8
10424          3
10426          7
10429          2
10431          2
10434          9
10437          5
10439          4
10442          9
10445          4
10448          7
10450          5
10453          6
10456          9
10458          6
10460          8
10463          6
10466          8
10468          7
10471          7
10475          4
10477          4
10480          4
10483          7
10485          8
10487          4
10490          9
10493          8
10495          2
10496          7
10498          7
10500          6
10502          9
10504          3
10506          4
10508          9
10510          2
10512          7
10514          2
10515          2
10517          5
10519          5
10521          3
10523          6
10525          2
10527          9
10529          6
10531          3
10533          2
10535          8
10537          5
10539          2
10540          5
10543          6
10545          7
10546          9
10548          9
10550          8
10552          7
10554          9
10556          4
10558          2
10560          8
10562          4
10564          5
10566          3
10567          8
10569          9
10571          5
10573          6
10575          8
10577          6
10579          7
10580          4
10583          6
10585          9
10586          6
10588          6
10593          3
10595          5
10598          3
10601          9
10604          5
10607          4
10610          7
10613          6
10616          6
10619          6
10621          7
10624          7
10627          4
10630          6
10633          5
10636          4
10639          4
10642          5
10645          6
10648          6
10650          4
10653          2
10657          4
10660          9
10662          8
10665          7
10668          9
10671          4
10674          8
10677          8
10680          5
10683          3
10686          4
10689          8
10692          8
10695          4
10697          3
10700          9
10703          4
10706          6
10709          7
10712          6
10715          9
10718          4
10721          3
10723          5
10726          5
10729          7
10732          2
10735          6
10745          4
10748          2
10750          3
10753          8
10756          4
10759          2
10761          5
10764          4
10767          5
10770          8
10772          8
10775          5
10778          5
10780          8
10784          4
10786          9
10789          6
10792          9
10794          7
10797          7
10800          2
10802          3
10805          7
10808          9
10810          8
10813          4
10816          7
10819          9
10822          7
10824          8
10827          6
10830          3
10833          9
10835          4
10838          5
10841          3
10844          9
10847          8
10849          2
10851          2
10854          7
10857          7
10860          9
10862          9
10865          3
10867          6
10870          9
10873          8
10876          3
10879          2
